
-99.83207820690754
-136.17073558079676
-123.15837733509366
-113.26165945807774
-115.16131793580291
-108.82114710259086
-117.5651517512623
-112.70300509905337
-123.25083185749222
-300.01965832837175
-135.08847492013894
-111.26974462724839
-107.73538074937802
-109.52467714719616
-126.62703055728701
-111.9430841438039
-111.52875430136538
-121.09380132628296
-108.84862733547828
-115.82326490707024
-107.05893038694602
-116.5296285533902
-117.64916237843538
-113.71089791335095
-119.06646327894403
-117.50395042958019
-118.20211508320814
-111.81804394004574
-116.20480802133463
-99.94136689527294
-112.0699260688697
-119.61500088376708
-108.95891184871677
-108.0016262989688
-112.59347306978296
-114.01797736708589
-107.68368631776464
-54.50525773165425
-19.46373527921735
-28.676505777533425
-37.96548287121602
-61.05275496666104
-111.38636895896767
-117.86655959161995
-113.85875319467753
-107.08660178523235
-109.04478029114235
-99.55021766892716
-105.06736063410506
-95.88012856352428
-85.36042067994148
-100.79000484934812
-137.08304195047396
-111.28422584953141
-111.77299448629954
-109.72115926749898
-107.74016706244191
-116.27846462038217
-105.05792826124889
-120.6150538973763
-107.32213950256562
-124.74345368132636
-106.55809760274056
-111.90134512979857
-93.03957018483418
-109.94959891942693
-87.39124713191372
-97.69068909501229
-105.49047301737572
-103.23107343646241
-53.93982554809048
-20.703332393081794
-24.29835342359429
-98.9528341132646
-115.86704307960528
-94.07021928493131
-98.507852899928
-68.24440271641771
-82.51719048603309
-101.69020329692452
-99.06802979187636
-101.71473626303376
-107.91140509339787
-87.54323799607484
-63.71156831722263
-90.11841712894675
-108.26234581688175
-103.49644193141586
-98.40876997725474
-99.95713951010906
-85.78845853552393
-90.66693296984053
-77.35159858462639
-57.61251147842924
-102.35196412778616
-101.9826058431931
-120.55071007402803
-128.36416084992553
-113.35187067278613
-116.80725265154706
-100.81328335214184
-144.8854404097652
-110.36989951518858
-114.34628104026876
-98.84449197711776
-41.56112539523644
-32.91537904451488
-25.072835255864806
-21.380072465831486
-29.204498934909015
-28.518568359537458
-52.50729463220901
-57.794566301315854
-92.28106441466531
-122.71585615895512
-116.90395976365434
-113.93590475922736
-117.89957668770083
-110.69018973883652
-84.58421649302771
-32.88666038594136
-27.156362598223133
-121.49983049668475
-122.82603562280602
-100.96643161734734
-98.11788572053506
-97.17973722517544
-115.50172216488849
-122.31173743221349
-90.40693865719834
-69.57196636482335
-100.68191458904626
-57.497018132873336
-22.597093987310604
-9.740612420708084
-300.0100313639597
-96.02753963902234
-99.13676500762485
-130.53347922760076
-109.23444588723045
-104.1625036004521
-114.51149415577851
-120.76487391693132
-119.79758251864145
-102.04986174208383
-111.10833759183338
-99.74280038470138
-85.79736070930767
-95.80241129888586
-80.54483857389516
-90.26077662632242
-111.35624665576745
-108.56763076498424
-105.18202327420744
-111.47310396483539
-92.09929535266872
-86.55327667684834
-77.82870332875424
-39.788194311950576
-64.96702862015792
-78.39028206333705
-102.4204094625802
-73.45500550719659
-81.75271671373338
-91.64013640920003
-97.04989786808865
-108.56727142456666
-116.18403616991809
-104.28836347820867
-116.0990408294075
-122.7386979007835
-117.23884353768568
-118.2396080963368
-113.66246391258449
-113.27687847486091
-110.91544253970797
-112.56244197476074
-109.36879755496128
-109.60218495287812
-101.4800056165274
-100.70886304308956
-108.32687880975689
-103.7493180212578
-112.61859056444355
-114.82825672575386
-102.88164669966694
-114.52634915476501
-111.28557986893418
-114.91153156724212
-115.13975276882854
-112.9106235289477
-115.4318993270468
-86.03241132412143
-111.82103472112608
-142.44584619124018
-124.88064571309017
-111.20899851570033
-110.3238492157925
-108.93087288652629
-109.41886950495005
-114.93778299683456
-105.85990812963246
-108.43497768231781
-102.92008145473152
-99.59608848596696
-107.39182639427078
-107.25190573189762
-107.65817067668216
-104.2652692004691
-104.23328228589293
-110.40091043097071
-95.68345341142405
-110.83168205060385
-103.56045058263386
-110.01710916018924
-101.5705020360856
-115.15967751309472
-109.20692048107635
-101.53139589169618
-107.2720771206867
-108.08426045254963
-108.80628802763663
-107.79859489168774
-110.88852228371513
-105.68472924766385
-106.051528543245
-105.25164406879672
-99.44168501350194
-101.59969436958498
-100.67446094575953
-110.7491025892792
-109.99753592861305
-105.67062677840596
-106.82613006059697
-105.3835320169321
-104.0591695855187
-105.75024155799596
-97.51484210698194
-97.15368112066881
-104.40134757397975
-105.43516943767649
-106.83430179406962
-103.34804974498597
-99.46308974963571
-105.96606100938664
-100.0064897114209
-102.5786737774732
-112.2476055341112
-105.54919494179335
-103.79399964921788
-105.30329598033515
-107.09635939107751
-104.11730889391708
-101.995921814733
-85.30519275871882
-102.24195641243257
-102.29767821338106
-96.3541879961529
-100.60382930367612
-97.17905085121758
-106.13176083732763
-105.87862039536327
-108.71559831937628
-100.75351229125272
-121.06208555679495
-135.92631683397826
-116.60435211804375
-109.24463947704116
-117.55800252579873
-114.5775578635766
-115.2021305587831
-105.91539133464622
-101.9765239205287
-105.47513988090043
-103.4399302579979
-103.71867084336687
-105.63923242588461
-98.64176558499713
-83.43029215007957
-106.62562931799914
-110.83345272197533
-99.05235596321403
-98.32683232561527
-95.33966369890986
-103.79621140878628
-104.84372995707145
-108.28033159200535
-95.54276726733612
-100.6042029321029
-98.99711421921637
-105.27705278746039
-100.78836668454078
-104.9558974126551
-101.75613236966416
-103.30525278922752
-107.65773672462736
-103.9480884670403
-80.16424780112969
-89.9948374882547
-80.80356638832932
-101.94704723720606
-110.45336489838992
-103.47647631733844
-103.14592478802291
-108.03616781686534
-105.88431818163488
-103.40945653943055
-105.1532268708833
-107.74778618713552
-109.16575536852898
-102.25898493413912
-106.9568120630875
-105.06769874740426
-107.60690400641266
-103.79910208439514
-104.0943606734868
-107.44151733837582
-106.02961595229745
-109.14341127753858
-108.42567320490127
-106.88560117465673
-107.84746707013782
-105.0387565945322
-106.38483993611982
-104.79504849764758
-100.47731197561124
-108.07304349953694
-96.68237010427666
-102.34654891047
-103.49970103067345
-147.12767249921768
-119.31905685124865
-108.38466345428034
-99.25398867400588
-95.889044884461
-105.33686197379976
-102.80220429843153
-100.81197398795486
-102.2154768593679
-102.72548811479716
-100.96661871323334
-106.87372062926659
-113.30803568947165
-100.50006317181213
-103.74902746694087
-106.99761759582977
-115.78911045062262
-111.20416153593786
-103.01472979639459
-119.36265101040283
-101.68187507901972
-109.38361334563507
-101.27684593975799
-103.87720112033249
-98.91944251623005
-101.87316562253528
-104.04836120676595
-102.51151010629454
-97.27797355896051
-105.36124806047012
-99.28448498890074
-110.59132787234653
-118.5922241180765
-90.5345573674385
-85.5601573893221
-45.02456985591223
-79.62077563138023
-115.4699136501376
-108.13001692848916
-109.03100815748395
-107.83518492424953
-103.86643424056406
-109.6966230802834
-105.56936388340375
-109.77939223402284
-100.55060966576768
-104.53898230208323
-105.1162264359737
-100.39071833369617
-91.97914092646761
-98.94519027100515