
-115.82478132276714
-116.75583067937951
-115.45763487935177
-115.99168400620957
-115.74201621781842
-159.41762503071345
-115.59083112106475
-163.2551854021354
-169.91126934957134
-170.52900932886826
-173.79831867318327
-115.92536064153823
-116.36810707012907
-116.00059048375746
-128.72599463118354
-127.73114971522017
-116.58633252560864
-115.77096430578091
-108.50760326661984
-105.81750096143497
-103.89280064742584
-107.45464355386417
-102.82551877727991
-106.28696687225316
-108.08716550308411
-103.94473969582141
-104.81612349697372
-117.23237796814942
-178.84235804067387
-179.2595353363039
-179.24075548229496
-179.21879718980549
-179.2319150891968
-179.49344242245934
-179.1560329470875
-179.12605235940373
-179.30118534856985
-115.90547355983317
-178.84935658258473
-179.19152665378797
-179.29162314154274
-179.17147807444937
-179.17137497464486
-179.48951754964708
-179.21489369311985
-179.1319563984567
-179.2950794547545
-116.46657519846198
-105.05230726796297
-105.62733739233595
-103.89261503742232
-103.1859231328859
-103.13092217850128
-103.05938146627966
-107.94338919632783
-105.77745664320432
-102.33246221498665
-117.5959251257516
-178.90016057093086
-179.28609191349608
-179.2628317901283
-179.05204609824602
-179.24840118729256
-179.73652948306307
-179.1921484496252
-179.16747370011515
-179.32708828623402
-116.39486624991653
-116.23086720494022
-116.59688361602647
-115.53756345106771
-116.60522791912402
-115.60733073103063
-115.78374108397291
-117.53212191158619
-116.29149720675359
-117.11397695141028
-122.56840164376332
-123.39305626254196
-123.34588511315434
-123.46307587686364
-123.49526337867283
-123.38133150937867
-123.46870666705114
-116.44899335958871
-115.83524496783778
-122.7309864952505
-123.3104410943947
-123.36837897817578
-123.44301447929554
-123.55150966121995
-123.50812066612745
-123.64410221140248
-123.56551468696757
-123.601154524264
-123.67522151878096
-123.72597982018527
-123.56086766000337
-123.84174620554845
-123.52717873857522
-123.7572037101122
-123.89042950668703
-123.38738300101275
-123.40836980963033
-123.53743003383411
-123.4170318454677
-123.44959306155897
-123.40349354437683
-123.54182937024648
-123.5755264171219
-123.6251862971403
-123.56465511403721
-123.73351747969247
-123.66389221117102
-123.79792362987286
-123.71692230159988
-123.59062538986159
-123.81355189636035
-123.36757325608312
-123.44088198728177
-123.34293810610883
-123.39931695728782
-123.57163682715587
-123.35449583713033
-123.61886838458142
-123.57944047122993
-123.51912153093281
-123.40363927880662
-123.69531658553065
-123.68916651933587
-123.73842331925898
-123.62025840516279
-123.79490762667116
-123.67294394482865
-123.77306075665716
-123.46343215750761
-123.25010806404593
-123.45013855445256
-123.57149567534114
-123.49167491437738
-123.49498572258277
-123.52397616841525
-123.68919781915696
-123.63120857134092
-123.60210663513361
-123.6159344915477
-123.76425891241041
-123.76942475137113
-123.71503745492745
-123.82731251544863
-123.69567445902014
-123.48869636761773
-123.47511675776245
-123.40149591222534
-123.55419972036192
-123.3412786466853
-123.53844320832502
-123.57398448081717
-123.70474601672139
-123.59551544910515
-123.64722886676313
-123.54892451465656
-123.6752100720718
-123.7712787287239
-123.76413958784033
-115.77993560309734
-122.40003681948403
-123.26815174941365
-123.40289735572782
-123.48606334724697
-123.51561667388505
-123.52756792759907
-123.61478021179937
-123.59377751875392
-123.68337371840612
-123.61449485128134
-123.75231666755053
-123.59798719564932
-123.70897354377361
-123.6515238497437
-123.7088375140336
-123.83275209698706
-123.3027192233711
-123.42188785782382
-123.50427070885034
-123.5260319917676
-123.60376851794646
-123.53408719522874
-123.29510602899161
-123.59922496111044
-123.56292178593486
-123.58997151780576
-123.7898496767624
-123.63600452622626
-123.76180097696678
-123.59596221667672
-123.63991417701945
-123.7904766577144
-123.62616329992653
-123.43247998397219
-123.38723406550675
-123.33379708924465
-123.28326505233846
-123.37756104667254
-123.49121252289882
-123.54521803930989
-123.48143516437435
-123.61042841017714
-123.78192432583866
-123.71661412687189
-123.73008827946535
-123.61476013908573
-123.8433277350079
-123.82344047632284
-123.7521467878463
-123.39288960703067
-123.46244906182487
-123.40914473273523
-123.57099246956221
-123.50253259736564
-123.63443550040267
-123.46683932151836
-123.65593065252557
-123.59988020355254
-123.67988431998575
-123.69647307473159
-123.72989532018568
-123.65964455807685
-123.68681558078006
-123.78516224734113
-123.55507491301563
-123.4009777467476
-123.43981583411842
-123.34114912763957
-123.51983071890837
-123.4900583430249
-123.56254632471142
-123.45950449837994
-123.68596925869808
-123.74629970834626
-123.5887478127383
-123.69964196355546
-123.61645401333276
-123.76039394860105
-123.7508881907562
-123.76558991875774
-123.86620973114185
-123.65702553881987
-123.27459134571127
-123.31351579449036
-123.504567631192
-123.3672650980171
-123.52932786265269
-123.53593303176667
-123.48849022730305
-123.50278679386085
-123.4716874141529
-123.62048830862575
-123.7022545275467
-123.637442165913
-123.70035758939663
-123.75389892905922
-123.77252817037042
-123.71326049732272
-123.44145729967008