
-115.70228074997041
-157.8654128994843
-115.82766061543134
-116.55685427271692
-122.83092113957798
-123.45855519499142
-123.36639215934208
-123.44951397741085
-123.59269090924998
-123.49634756715932
-123.58625417024095
-123.54249931446597
-123.56034115827613
-115.74084705476133
-116.3545289789544
-122.7403652922123
-123.4312256812536
-123.31737110770382
-123.45568453995878
-123.55196825605117
-123.51493975630261
-123.50172949479708
-123.51025773536446
-123.6568100063837
-123.6593191999853
-123.66542208632245
-123.71542329279939
-123.82190319753781
-123.60351432447925
-123.89622948315233
-123.81080092712482
-123.4699724300909
-123.27761009143285
-123.44879954767492
-123.47155295701013
-123.5406903772725
-123.54517315949857
-123.5954798766092
-123.53827105665998
-123.43072260724576
-123.68076825840713
-123.7978275137012
-123.69676831380556
-123.81207997075491
-123.57910188527586
-123.74484872579734
-123.8029260667772
-123.48737857303426
-123.46001034247469
-123.42764821012362
-123.47471630938361
-123.49529615195996
-123.38393776488225
-123.6015392790237
-123.4119554623969
-123.46287077772467
-123.61789255799789
-123.49527542926167
-123.64798121478344
-123.86363564039495
-123.740199569553
-123.87910682904183
-123.81407929441592
-123.83407887002878
-123.31161110205086
-123.45938116100473
-123.50091786418645
-123.50673144317551
-123.44433142357659
-123.60915056477481
-123.60002840813904
-123.67750082022201
-123.57415605327564
-115.82860505645039
-178.85221358189287
-179.2478581475207
-179.3232360369416
-179.1706075710915
-179.33920729023157
-179.56547974747807
-179.1186175598366
-179.1899869777478
-179.27900919864544
-115.82272489330254
-115.53570307277138
-178.95789443459026
-179.20129768943406
-122.07290642698321
-178.92960445610632
-179.19567670663812
-179.22286397553643
-179.2035058348799
-179.16547174340988
-179.46696815107623
-179.12501335749158
-179.2268078579548
-179.50680136192207
-179.07803492192164
-179.3639508657956
-178.96814528615639
-179.11613902372642
-116.38539560757332
-178.85399794986242
-179.25036593383686
-179.30055124623613
-179.12036462708866
-179.27717611775478
-179.57066369257834
-179.17927204360637
-179.09444009048232
-179.33249116939308
-179.1141194265978
-179.36593762746324
-179.1208894347704
-179.43750313604002